data: x, p, v, rho
-1 3 0 1
-0.997998 3 0 1
-0.995996 3 0 1
-0.993994 3 0 1
-0.991992 3 0 1
-0.98999 3 0 1
-0.987988 3 0 1
-0.985986 3 0 1
-0.983984 3 0 1
-0.981982 3 0 1
-0.97998 3 0 1
-0.977978 3 0 1
-0.975976 3 0 1
-0.973974 3 0 1
-0.971972 3 0 1
-0.96997 3 0 1
-0.967968 3 0 1
-0.965966 3 0 1
-0.963964 3 0 1
-0.961962 3 0 1
-0.95996 3 0 1
-0.957958 3 0 1
-0.955956 3 0 1
-0.953954 3 0 1
-0.951952 3 0 1
-0.94995 3 0 1
-0.947948 3 0 1
-0.945946 3 0 1
-0.943944 3 0 1
-0.941942 3 0 1
-0.93994 3 0 1
-0.937938 3 0 1
-0.935936 3 0 1
-0.933934 3 0 1
-0.931932 3 0 1
-0.92993 3 0 1
-0.927928 3 0 1
-0.925926 3 0 1
-0.923924 3 0 1
-0.921922 3 0 1
-0.91992 3 0 1
-0.917918 3 0 1
-0.915916 3 0 1
-0.913914 3 0 1
-0.911912 3 0 1
-0.90991 3 0 1
-0.907908 3 0 1
-0.905906 3 0 1
-0.903904 3 0 1
-0.901902 3 0 1
-0.8999 3 0 1
-0.897898 3 0 1
-0.895896 3 0 1
-0.893894 3 0 1
-0.891892 3 0 1
-0.88989 3 0 1
-0.887888 3 0 1
-0.885886 3 0 1
-0.883884 3 0 1
-0.881882 3 0 1
-0.87988 3 0 1
-0.877878 3 0 1
-0.875876 3 0 1
-0.873874 3 0 1
-0.871872 3 0 1
-0.86987 3 0 1
-0.867868 3 0 1
-0.865866 3 0 1
-0.863864 3 0 1
-0.861862 3 0 1
-0.85986 3 0 1
-0.857858 3 0 1
-0.855856 3 0 1
-0.853854 3 0 1
-0.851852 3 0 1
-0.84985 3 0 1
-0.847848 3 0 1
-0.845846 3 0 1
-0.843844 3 0 1
-0.841842 3 0 1
-0.83984 3 0 1
-0.837838 3 0 1
-0.835836 3 0 1
-0.833834 3 0 1
-0.831832 3 0 1
-0.82983 3 0 1
-0.827828 3 0 1
-0.825826 3 0 1
-0.823824 3 0 1
-0.821822 3 0 1
-0.81982 3 0 1
-0.817818 3 0 1
-0.815816 3 0 1
-0.813814 3 0 1
-0.811812 3 0 1
-0.80981 3 0 1
-0.807808 3 0 1
-0.805806 3 0 1
-0.803804 3 0 1
-0.801802 3 0 1
-0.7998 3 0 1
-0.797798 3 0 1
-0.795796 3 0 1
-0.793794 3 0 1
-0.791792 3 0 1
-0.78979 3 0 1
-0.787788 3 0 1
-0.785786 3 0 1
-0.783784 3 0 1
-0.781782 3 0 1
-0.77978 3 0 1
-0.777778 3 0 1
-0.775776 3 0 1
-0.773774 3 0 1
-0.771772 3 0 1
-0.76977 3 0 1
-0.767768 3 0 1
-0.765766 3 0 1
-0.763764 3 0 1
-0.761762 3 0 1
-0.75976 3 0 1
-0.757758 3 0 1
-0.755756 3 0 1
-0.753754 3 0 1
-0.751752 3 0 1
-0.74975 3 0 1
-0.747748 3 0 1
-0.745746 3 0 1
-0.743744 3 0 1
-0.741742 3 0 1
-0.73974 3 0 1
-0.737738 3 0 1
-0.735736 3 0 1
-0.733734 3 0 1
-0.731732 3 0 1
-0.72973 3 0 1
-0.727728 3 0 1
-0.725726 3 0 1
-0.723724 3 0 1
-0.721722 3 0 1
-0.71972 3 0 1
-0.717718 3 0 1
-0.715716 3 0 1
-0.713714 3 0 1
-0.711712 3 0 1
-0.70971 3 0 1
-0.707708 3 0 1
-0.705706 3 0 1
-0.703704 3 0 1
-0.701702 3 0 1
-0.6997 3 0 1
-0.697698 3 0 1
-0.695696 3 0 1
-0.693694 3 0 1
-0.691692 3 0 1
-0.68969 3 0 1
-0.687688 3 0 1
-0.685686 3 0 1
-0.683684 3 0 1
-0.681682 3 0 1
-0.67968 3 0 1
-0.677678 3 0 1
-0.675676 3 0 1
-0.673674 3 0 1
-0.671672 3 0 1
-0.66967 3 0 1
-0.667668 3 0 1
-0.665666 3 0 1
-0.663664 3 0 1
-0.661662 3 0 1
-0.65966 3 0 1
-0.657658 3 0 1
-0.655656 3 0 1
-0.653654 3 0 1
-0.651652 3 0 1
-0.64965 3 0 1
-0.647648 3 0 1
-0.645646 3 0 1
-0.643644 3 0 1
-0.641642 3 0 1
-0.63964 3 0 1
-0.637638 3 0 1
-0.635636 3 0 1
-0.633634 3 0 1
-0.631632 3 0 1
-0.62963 3 0 1
-0.627628 3 0 1
-0.625626 3 0 1
-0.623624 3 0 1
-0.621622 3 0 1
-0.61962 3 0 1
-0.617618 3 0 1
-0.615616 3 0 1
-0.613614 3 0 1
-0.611612 3 0 1
-0.60961 3 0 1
-0.607608 3 0 1
-0.605606 3 0 1
-0.603604 3 0 1
-0.601602 3 0 1
-0.5996 3 0 1
-0.597598 3 0 1
-0.595596 3 0 1
-0.593594 3 0 1
-0.591592 3 0 1
-0.58959 3 0 1
-0.587588 3 0 1
-0.585586 3 0 1
-0.583584 3 0 1
-0.581582 3 0 1
-0.57958 3 0 1
-0.577578 3 0 1
-0.575576 3 0 1
-0.573574 3 0 1
-0.571572 3 0 1
-0.56957 3 0 1
-0.567568 3 0 1
-0.565566 3 0 1
-0.563564 3 0 1
-0.561562 3 0 1
-0.55956 3 0 1
-0.557558 3 0 1
-0.555556 3 0 1
-0.553554 3 0 1
-0.551552 3 0 1
-0.54955 3 0 1
-0.547548 3 0 1
-0.545546 3 0 1
-0.543544 3 0 1
-0.541542 3 0 1
-0.53954 3 0 1
-0.537538 3 0 1
-0.535536 3 0 1
-0.533534 3 0 1
-0.531532 3 0 1
-0.52953 3 0 1
-0.527528 3 0 1
-0.525526 3 0 1
-0.523524 3 0 1
-0.521522 3 0 1
-0.51952 3 0 1
-0.517518 3 0 1
-0.515516 3 0 1
-0.513514 3 0 1
-0.511512 3 0 1
-0.50951 3 0 1
-0.507508 3 0 1
-0.505506 3 0 1
-0.503504 3 0 1
-0.501502 3 0 1
-0.499499 3 0 1
-0.497497 3 0 1
-0.495495 3 0 1
-0.493493 3 0 1
-0.491491 3 0 1
-0.489489 3 0 1
-0.487487 3 0 1
-0.485485 3 0 1
-0.483483 3 0 1
-0.481481 3 0 1
-0.479479 3 0 1
-0.477477 3 0 1
-0.475475 3 0 1
-0.473473 3 0 1
-0.471471 3 0 1
-0.469469 3 0 1
-0.467467 3 0 1
-0.465465 3 0 1
-0.463463 3 0 1
-0.461461 3 0 1
-0.459459 3 0 1
-0.457457 3 0 1
-0.455455 3 0 1
-0.453453 3 0 1
-0.451451 3 0 1
-0.449449 3 0 1
-0.447447 3 0 1
-0.445445 3 0 1
-0.443443 3 0 1
-0.441441 3 0 1
-0.439439 3 0 1
-0.437437 3 0 1
-0.435435 3 0 1
-0.433433 3 0 1
-0.431431 3 0 1
-0.429429 3 0 1
-0.427427 3 0 1
-0.425425 3 0 1
-0.423423 3 0 1
-0.421421 3 0 1
-0.419419 3 0 1
-0.417417 3 0 1
-0.415415 3 0 1
-0.413413 3 0 1
-0.411411 3 0 1
-0.409409 3 0 1
-0.407407 3 0 1
-0.405405 3 0 1
-0.403403 3 0 1
-0.401401 3 0 1
-0.399399 3 0 1
-0.397397 3 0 1
-0.395395 3 0 1
-0.393393 3 0 1
-0.391391 3 0 1
-0.389389 3 0 1
-0.387387 3 0 1
-0.385385 3 0 1
-0.383383 3 0 1
-0.381381 3 0 1
-0.379379 3 0 1
-0.377377 3 0 1
-0.375375 3 0 1
-0.373373 3 0 1
-0.371371 3 0 1
-0.369369 3 0 1
-0.367367 3 0 1
-0.365365 3 0 1
-0.363363 3 0 1
-0.361361 3 0 1
-0.359359 3 0 1
-0.357357 3 0 1
-0.355355 3 0 1
-0.353353 3 0 1
-0.351351 3 0 1
-0.349349 3 0 1
-0.347347 3 0 1
-0.345345 3 0 1
-0.343343 3 0 1
-0.341341 3 0 1
-0.339339 3 0 1
-0.337337 3 0 1
-0.335335 3 0 1
-0.333333 3 0 1
-0.331331 3 0 1
-0.329329 3 0 1
-0.327327 3 0 1
-0.325325 3 0 1
-0.323323 3 0 1
-0.321321 3 0 1
-0.319319 3 0 1
-0.317317 3 0 1
-0.315315 3 0 1
-0.313313 3 0 1
-0.311311 3 0 1
-0.309309 3 0 1
-0.307307 3 0 1
-0.305305 3 0 1
-0.303303 3 0 1
-0.301301 3 0 1
-0.299299 3 0 1
-0.297297 3 0 1
-0.295295 3 0 1
-0.293293 3 0 1
-0.291291 3 0 1
-0.289289 3 0 1
-0.287287 3 2.87714e-12 1
-0.285285 3 5.10537e-11 1
-0.283283 3 4.80929e-10 1
-0.281281 3 3.17217e-09 1
-0.279279 3 1.63657e-08 1
-0.277277 3 7.00813e-08 1
-0.275275 3 2.58446e-07 1
-0.273273 3 8.41583e-07 1
-0.271271 2.99999 2.46385e-06 0.999999
-0.269269 2.99999 6.57383e-06 0.999997
-0.267267 2.99996 1.6155e-05 0.999993
-0.265265 2.99992 3.68769e-05 0.999984
-0.263263 2.99982 7.87366e-05 0.999965
-0.261261 2.99965 0.000158156 0.999929
-0.259259 2.99933 0.000300345 0.999866
-0.257257 2.99879 0.000541544 0.999758
-0.255255 2.99792 0.000930599 0.999584
-0.253253 2.99658 0.00152926 0.999316
-0.251251 2.99461 0.0024107 0.998922
-0.249249 2.99183 0.00365611 0.998366
-0.247247 2.98806 0.0053495 0.997609
-0.245245 2.98311 0.00757159 0.996617
-0.243243 2.97683 0.0103935 0.995358
-0.241241 2.96911 0.0138717 0.993807
-0.239239 2.95987 0.0180441 0.991949
-0.237237 2.94908 0.0229292 0.989776
-0.235235 2.93675 0.0285261 0.987291
-0.233233 2.92295 0.0348173 0.984501
-0.231231 2.90775 0.0417715 0.981424
-0.229229 2.89127 0.0493473 0.978078
-0.227227 2.87362 0.0574971 0.974487
-0.225225 2.85493 0.0661695 0.970675
-0.223223 2.83534 0.0753124 0.966667
-0.221221 2.81496 0.0848747 0.962486
-0.219219 2.79391 0.0948075 0.958156
-0.217217 2.77231 0.105065 0.953698
-0.215215 2.75026 0.115604 0.94913
-0.213213 2.72784 0.126387 0.944473
-0.211211 2.70515 0.137377 0.939741
-0.209209 2.68224 0.148544 0.934949
-0.207207 2.65919 0.159857 0.93011
-0.205205 2.63606 0.171291 0.925236
-0.203203 2.61289 0.182822 0.920338
-0.201201 2.58974 0.194428 0.915426
-0.199199 2.56664 0.206089 0.910507
-0.197197 2.54364 0.217788 0.90559
-0.195195 2.52076 0.229506 0.900682
-0.193193 2.49804 0.241227 0.895791
-0.191191 2.47551 0.252937 0.890921
-0.189189 2.45319 0.264621 0.88608
-0.187187 2.4311 0.276264 0.881273
-0.185185 2.40928 0.287853 0.876506
-0.183183 2.38775 0.299374 0.871783
-0.181181 2.36652 0.310813 0.867111
-0.179179 2.34562 0.322156 0.862494
-0.177177 2.32506 0.333389 0.857938
-0.175175 2.30488 0.344498 0.853448
-0.173173 2.28508 0.355469 0.84903
-0.171171 2.26569 0.366286 0.844688
-0.169169 2.24674 0.376935 0.840428
-0.167167 2.22824 0.387398 0.836256
-0.165165 2.21021 0.39766 0.832178
-0.163163 2.19268 0.407704 0.828199
-0.161161 2.17567 0.417514 0.824325
-0.159159 2.1592 0.42707 0.820563
-0.157157 2.14329 0.436357 0.816919
-0.155155 2.12796 0.445355 0.813397
-0.153153 2.11324 0.454048 0.810005
-0.151151 2.09914 0.462418 0.806748
-0.149149 2.08568 0.470447 0.803632
-0.147147 2.07289 0.478122 0.800661
-0.145145 2.06077 0.485426 0.79784
-0.143143 2.04934 0.492346 0.795174
-0.141141 2.03861 0.498871 0.792665
-0.139139 2.02859 0.504992 0.790317
-0.137137 2.01927 0.510702 0.78813
-0.135135 2.01066 0.515997 0.786105
-0.133133 2.00275 0.520878 0.784242
-0.131131 1.99553 0.525347 0.782539
-0.129129 1.98899 0.52941 0.780992
-0.127127 1.98309 0.533077 0.779597
-0.125125 1.97783 0.536361 0.778349
-0.123123 1.97316 0.539278 0.777241
-0.121121 1.96905 0.541849 0.776266
-0.119119 1.96548 0.544093 0.775414
-0.117117 1.96238 0.546036 0.774676
-0.115115 1.95973 0.547701 0.774044
-0.113113 1.95749 0.549114 0.773507
-0.111111 1.9556 0.550302 0.773054
-0.109109 1.95403 0.55129 0.772678
-0.107107 1.95275 0.552102 0.772367
-0.105105 1.9517 0.552762 0.772114
-0.103103 1.95086 0.553291 0.77191
-0.101101 1.9502 0.553711 0.771747
-0.0990991 1.94968 0.554038 0.771618
-0.0970971 1.94928 0.554289 0.771518
-0.0950951 1.94899 0.554478 0.771441
-0.0930931 1.94877 0.554618 0.771383
-0.0910911 1.94861 0.554717 0.77134
-0.0890891 1.9485 0.554785 0.771309
-0.0870871 1.94843 0.554829 0.771286
-0.0850851 1.94839 0.554854 0.77127
-0.0830831 1.94838 0.554866 0.771259
-0.0810811 1.94837 0.554867 0.771252
-0.0790791 1.94838 0.554862 0.771247
-0.0770771 1.9484 0.554851 0.771244
-0.0750751 1.94842 0.554837 0.771242
-0.0730731 1.94845 0.554821 0.771241
-0.0710711 1.94848 0.554803 0.77124
-0.0690691 1.94851 0.554785 0.771238
-0.0670671 1.94854 0.554768 0.771237
-0.0650651 1.94856 0.55475 0.771235
-0.0630631 1.94859 0.554733 0.771233
-0.0610611 1.94862 0.554717 0.77123
-0.0590591 1.94864 0.554701 0.771227
-0.0570571 1.94867 0.554686 0.771223
-0.0550551 1.94869 0.554672 0.771218
-0.0530531 1.94871 0.554659 0.771213
-0.0510511 1.94873 0.554646 0.771207
-0.049049 1.94875 0.554634 0.771201
-0.047047 1.94877 0.554623 0.771195
-0.045045 1.94879 0.554613 0.771188
-0.043043 1.94881 0.554603 0.771181
-0.041041 1.94882 0.554594 0.771173
-0.039039 1.94884 0.554585 0.771166
-0.037037 1.94885 0.554576 0.77116
-0.035035 1.94886 0.554569 0.771155
-0.033033 1.94887 0.554561 0.771152
-0.031031 1.94889 0.554554 0.771152
-0.029029 1.9489 0.554548 0.771156
-0.027027 1.94891 0.554541 0.771166
-0.025025 1.94892 0.554535 0.771185
-0.023023 1.94893 0.55453 0.771216
-0.021021 1.94894 0.554524 0.771263
-0.019019 1.94895 0.554519 0.771331
-0.017017 1.94896 0.554514 0.771428
-0.015015 1.94896 0.55451 0.771561
-0.013013 1.94897 0.554505 0.771743
-0.011011 1.94898 0.554501 0.771986
-0.00900901 1.94899 0.554497 0.772307
-0.00700701 1.94899 0.554493 0.772727
-0.00500501 1.949 0.55449 0.773268
-0.003003 1.94901 0.554486 0.773961
-0.001001 1.94901 0.554483 0.774839
0.001001 1.94902 0.55448 0.775942
0.003003 1.94902 0.554477 0.777314
0.00500501 1.94903 0.554474 0.779009
0.00700701 1.94904 0.554471 0.781084
0.00900901 1.94904 0.554468 0.783603
0.011011 1.94905 0.554466 0.786637
0.013013 1.94905 0.554463 0.790264
0.015015 1.94906 0.554461 0.794563
0.017017 1.94906 0.554459 0.799619
0.019019 1.94907 0.554456 0.80552
0.021021 1.94907 0.554454 0.812353
0.023023 1.94907 0.554452 0.820204
0.025025 1.94908 0.55445 0.829153
0.027027 1.94908 0.554449 0.839276
0.029029 1.94909 0.554447 0.850638
0.031031 1.94909 0.554445 0.863291
0.033033 1.9491 0.554443 0.877273
0.035035 1.9491 0.554442 0.892603
0.037037 1.9491 0.55444 0.909281
0.039039 1.94911 0.554439 0.927284
0.041041 1.94911 0.554438 0.946566
0.043043 1.94912 0.554436 0.967056
0.045045 1.94912 0.554435 0.988661
0.047047 1.94913 0.554434 1.01126
0.049049 1.94913 0.554433 1.03472
0.0510511 1.94913 0.554432 1.05887
0.0530531 1.94914 0.554431 1.08355
0.0550551 1.94914 0.55443 1.10856
0.0570571 1.94915 0.554429 1.13371
0.0590591 1.94915 0.554429 1.1588
0.0610611 1.94916 0.554428 1.18363
0.0630631 1.94916 0.554427 1.208
0.0650651 1.94917 0.554427 1.23174
0.0670671 1.94917 0.554426 1.25467
0.0690691 1.94918 0.554426 1.27665
0.0710711 1.94918 0.554426 1.29754
0.0730731 1.94919 0.554425 1.31723
0.0750751 1.94919 0.554425 1.33566
0.0770771 1.9492 0.554425 1.35274
0.0790791 1.9492 0.554425 1.36847
0.0810811 1.94921 0.554425 1.38282
0.0830831 1.94921 0.554425 1.39581
0.0850851 1.94922 0.554425 1.40747
0.0870871 1.94922 0.554426 1.41785
0.0890891 1.94923 0.554426 1.42702
0.0910911 1.94923 0.554426 1.43506
0.0930931 1.94924 0.554427 1.44204
0.0950951 1.94925 0.554428 1.44806
0.0970971 1.94925 0.554428 1.45321
0.0990991 1.94926 0.554429 1.45757
0.101101 1.94927 0.55443 1.46125
0.103103 1.94927 0.554431 1.46432
0.105105 1.94928 0.554432 1.46687
0.107107 1.94929 0.554434 1.46897
0.109109 1.94929 0.554435 1.47068
0.111111 1.9493 0.554437 1.47208
0.113113 1.94931 0.554438 1.47321
0.115115 1.94931 0.55444 1.47412
0.117117 1.94932 0.554442 1.47485
0.119119 1.94933 0.554444 1.47543
0.121121 1.94934 0.554445 1.4759
0.123123 1.94934 0.554447 1.47627
0.125125 1.94935 0.554448 1.47657
0.127127 1.94935 0.554449 1.47682
0.129129 1.94935 0.554448 1.47701
0.131131 1.94935 0.554445 1.47717
0.133133 1.94934 0.554437 1.47729
0.135135 1.9493 0.554421 1.47739
0.137137 1.94925 0.554393 1.47746
0.139139 1.94914 0.554344 1.47749
0.141141 1.94896 0.554258 1.47748
0.143143 1.94864 0.554114 1.4774
0.145145 1.94811 0.553871 1.47722
0.147147 1.94723 0.553468 1.47687
0.149149 1.94578 0.552803 1.47626
0.151151 1.94341 0.551717 1.47522
0.153153 1.93956 0.549955 1.47351
0.155155 1.93338 0.547118 1.47073
0.157157 1.92355 0.542595 1.46629
0.159159 1.90817 0.535478 1.45929
0.161161 1.88457 0.524464 1.44849
0.163163 1.84933 0.507822 1.43229
0.165165 1.79876 0.483487 1.40887
0.167167 1.72989 0.449457 1.37665
0.169169 1.64226 0.404565 1.33508
0.171171 1.53958 0.349487 1.28551
0.173173 1.43008 0.287464 1.23145
0.175175 1.32445 0.22398 1.17792
0.177177 1.23218 0.165168 1.12979
0.179179 1.15858 0.115713 1.09025
0.181181 1.10426 0.0775851 1.06025
0.183183 1.06655 0.0502316 1.03892
0.185185 1.04156 0.0316686 1.02452
0.187187 1.02553 0.0195734 1.01515
0.189189 1.01548 0.0119174 1.00923
0.191191 1.00929 0.00717007 1.00555
0.193193 1.00553 0.00427046 1.00331
0.195195 1.00326 0.00252013 1.00195
0.197197 1.0019 0.001474 1.00114
0.199199 1.0011 0.000854386 1.00066
0.201201 1.00063 0.000490622 1.00038
0.203203 1.00036 0.000278974 1.00022
0.205205 1.0002 0.000156982 1.00012
0.207207 1.00011 8.73629e-05 1.00007
0.209209 1.00006 4.80513e-05 1.00004
0.211211 1.00003 2.61024e-05 1.00002
0.213213 1.00002 1.39941e-05 1.00001
0.215215 1.00001 7.39926e-06 1.00001
0.217217 1 3.85559e-06 1
0.219219 1 1.97848e-06 1
0.221221 1 9.99035e-07 1
0.223223 1 4.96028e-07 1
0.225225 1 2.41972e-07 1
0.227227 1 1.15879e-07 1
0.229229 1 5.44323e-08 1
0.231231 1 2.50579e-08 1
0.233233 1 1.12946e-08 1
0.235235 1 4.97986e-09 1
0.237237 1 2.14558e-09 1
0.239239 1 9.02367e-10 1
0.241241 1 3.70029e-10 1
0.243243 1 1.47763e-10 1
0.245245 1 5.73848e-11 1
0.247247 1 2.16422e-11 1
0.249249 1 7.91419e-12 1
0.251251 1 2.8014e-12 1
0.253253 1 9.58304e-13 1
0.255255 1 3.16215e-13 1
0.257257 1 1.00806e-13 1
0.259259 1 3.10466e-14 1
0.261261 1 9.58227e-15 1
0.263263 1 3.06632e-15 1
0.265265 1 1.37984e-15 1
0.267267 1 7.66574e-16 1
0.269269 1 7.66575e-16 1
0.271271 1 6.1326e-16 1
0.273273 1 6.13262e-16 1
0.275275 1 4.59946e-16 1
0.277277 1 5.36606e-16 1
0.279279 1 2.29973e-16 1
0.281281 1 4.59949e-16 1
0.283283 1 1.53316e-16 1
0.285285 1 1.53316e-16 1
0.287287 1 1.53317e-16 1
0.289289 1 0 1
0.291291 1 0 1
0.293293 1 0 1
0.295295 1 0 1
0.297297 1 0 1
0.299299 1 0 1
0.301301 1 0 1
0.303303 1 0 1
0.305305 1 0 1
0.307307 1 0 1
0.309309 1 0 1
0.311311 1 0 1
0.313313 1 0 1
0.315315 1 0 1
0.317317 1 0 1
0.319319 1 0 1
0.321321 1 0 1
0.323323 1 0 1
0.325325 1 0 1
0.327327 1 0 1
0.329329 1 0 1
0.331331 1 0 1
0.333333 1 0 1
0.335335 1 0 1
0.337337 1 0 1
0.339339 1 0 1
0.341341 1 0 1
0.343343 1 0 1
0.345345 1 0 1
0.347347 1 0 1
0.349349 1 0 1
0.351351 1 0 1
0.353353 1 0 1
0.355355 1 0 1
0.357357 1 0 1
0.359359 1 0 1
0.361361 1 0 1
0.363363 1 0 1
0.365365 1 0 1
0.367367 1 0 1
0.369369 1 0 1
0.371371 1 0 1
0.373373 1 0 1
0.375375 1 0 1
0.377377 1 0 1
0.379379 1 0 1
0.381381 1 0 1
0.383383 1 0 1
0.385385 1 0 1
0.387387 1 0 1
0.389389 1 0 1
0.391391 1 0 1
0.393393 1 0 1
0.395395 1 0 1
0.397397 1 0 1
0.399399 1 0 1
0.401401 1 0 1
0.403403 1 0 1
0.405405 1 0 1
0.407407 1 0 1
0.409409 1 0 1
0.411411 1 0 1
0.413413 1 0 1
0.415415 1 0 1
0.417417 1 0 1
0.419419 1 0 1
0.421421 1 0 1
0.423423 1 0 1
0.425425 1 0 1
0.427427 1 0 1
0.429429 1 0 1
0.431431 1 0 1
0.433433 1 0 1
0.435435 1 0 1
0.437437 1 0 1
0.439439 1 0 1
0.441441 1 0 1
0.443443 1 0 1
0.445445 1 0 1
0.447447 1 0 1
0.449449 1 0 1
0.451451 1 0 1
0.453453 1 0 1
0.455455 1 0 1
0.457457 1 0 1
0.459459 1 0 1
0.461461 1 0 1
0.463463 1 0 1
0.465465 1 0 1
0.467467 1 0 1
0.469469 1 0 1
0.471471 1 0 1
0.473473 1 0 1
0.475475 1 0 1
0.477477 1 0 1
0.479479 1 0 1
0.481481 1 0 1
0.483483 1 0 1
0.485485 1 0 1
0.487487 1 0 1
0.489489 1 0 1
0.491491 1 0 1
0.493493 1 0 1
0.495495 1 0 1
0.497497 1 0 1
0.499499 1 0 1
0.501502 1 0 1
0.503504 1 0 1
0.505506 1 0 1
0.507508 1 0 1
0.50951 1 0 1
0.511512 1 0 1
0.513514 1 0 1
0.515516 1 0 1
0.517518 1 0 1
0.51952 1 0 1
0.521522 1 0 1
0.523524 1 0 1
0.525526 1 0 1
0.527528 1 0 1
0.52953 1 0 1
0.531532 1 0 1
0.533534 1 0 1
0.535536 1 0 1
0.537538 1 0 1
0.53954 1 0 1
0.541542 1 0 1
0.543544 1 0 1
0.545546 1 0 1
0.547548 1 0 1
0.54955 1 0 1
0.551552 1 0 1
0.553554 1 0 1
0.555556 1 0 1
0.557558 1 0 1
0.55956 1 0 1
0.561562 1 0 1
0.563564 1 0 1
0.565566 1 0 1
0.567568 1 0 1
0.56957 1 0 1
0.571572 1 0 1
0.573574 1 0 1
0.575576 1 0 1
0.577578 1 0 1
0.57958 1 0 1
0.581582 1 0 1
0.583584 1 0 1
0.585586 1 0 1
0.587588 1 0 1
0.58959 1 0 1
0.591592 1 0 1
0.593594 1 0 1
0.595596 1 0 1
0.597598 1 0 1
0.5996 1 0 1
0.601602 1 0 1
0.603604 1 0 1
0.605606 1 0 1
0.607608 1 0 1
0.60961 1 0 1
0.611612 1 0 1
0.613614 1 0 1
0.615616 1 0 1
0.617618 1 0 1
0.61962 1 0 1
0.621622 1 0 1
0.623624 1 0 1
0.625626 1 0 1
0.627628 1 0 1
0.62963 1 0 1
0.631632 1 0 1
0.633634 1 0 1
0.635636 1 0 1
0.637638 1 0 1
0.63964 1 0 1
0.641642 1 0 1
0.643644 1 0 1
0.645646 1 0 1
0.647648 1 0 1
0.64965 1 0 1
0.651652 1 0 1
0.653654 1 0 1
0.655656 1 0 1
0.657658 1 0 1
0.65966 1 0 1
0.661662 1 0 1
0.663664 1 0 1
0.665666 1 0 1
0.667668 1 0 1
0.66967 1 0 1
0.671672 1 0 1
0.673674 1 0 1
0.675676 1 0 1
0.677678 1 0 1
0.67968 1 0 1
0.681682 1 0 1
0.683684 1 0 1
0.685686 1 0 1
0.687688 1 0 1
0.68969 1 0 1
0.691692 1 0 1
0.693694 1 0 1
0.695696 1 0 1
0.697698 1 0 1
0.6997 1 0 1
0.701702 1 0 1
0.703704 1 0 1
0.705706 1 0 1
0.707708 1 0 1
0.70971 1 0 1
0.711712 1 0 1
0.713714 1 0 1
0.715716 1 0 1
0.717718 1 0 1
0.71972 1 0 1
0.721722 1 0 1
0.723724 1 0 1
0.725726 1 0 1
0.727728 1 0 1
0.72973 1 0 1
0.731732 1 0 1
0.733734 1 0 1
0.735736 1 0 1
0.737738 1 0 1
0.73974 1 0 1
0.741742 1 0 1
0.743744 1 0 1
0.745746 1 0 1
0.747748 1 0 1
0.74975 1 0 1
0.751752 1 0 1
0.753754 1 0 1
0.755756 1 0 1
0.757758 1 0 1
0.75976 1 0 1
0.761762 1 0 1
0.763764 1 0 1
0.765766 1 0 1
0.767768 1 0 1
0.76977 1 0 1
0.771772 1 0 1
0.773774 1 0 1
0.775776 1 0 1
0.777778 1 0 1
0.77978 1 0 1
0.781782 1 0 1
0.783784 1 0 1
0.785786 1 0 1
0.787788 1 0 1
0.78979 1 0 1
0.791792 1 0 1
0.793794 1 0 1
0.795796 1 0 1
0.797798 1 0 1
0.7998 1 0 1
0.801802 1 0 1
0.803804 1 0 1
0.805806 1 0 1
0.807808 1 0 1
0.80981 1 0 1
0.811812 1 0 1
0.813814 1 0 1
0.815816 1 0 1
0.817818 1 0 1
0.81982 1 0 1
0.821822 1 0 1
0.823824 1 0 1
0.825826 1 0 1
0.827828 1 0 1
0.82983 1 0 1
0.831832 1 0 1
0.833834 1 0 1
0.835836 1 0 1
0.837838 1 0 1
0.83984 1 0 1
0.841842 1 0 1
0.843844 1 0 1
0.845846 1 0 1
0.847848 1 0 1
0.84985 1 0 1
0.851852 1 0 1
0.853854 1 0 1
0.855856 1 0 1
0.857858 1 0 1
0.85986 1 0 1
0.861862 1 0 1
0.863864 1 0 1
0.865866 1 0 1
0.867868 1 0 1
0.86987 1 0 1
0.871872 1 0 1
0.873874 1 0 1
0.875876 1 0 1
0.877878 1 0 1
0.87988 1 0 1
0.881882 1 0 1
0.883884 1 0 1
0.885886 1 0 1
0.887888 1 0 1
0.88989 1 0 1
0.891892 1 0 1
0.893894 1 0 1
0.895896 1 0 1
0.897898 1 0 1
0.8999 1 0 1
0.901902 1 0 1
0.903904 1 0 1
0.905906 1 0 1
0.907908 1 0 1
0.90991 1 0 1
0.911912 1 0 1
0.913914 1 0 1
0.915916 1 0 1
0.917918 1 0 1
0.91992 1 0 1
0.921922 1 0 1
0.923924 1 0 1
0.925926 1 0 1
0.927928 1 0 1
0.92993 1 0 1
0.931932 1 0 1
0.933934 1 0 1
0.935936 1 0 1
0.937938 1 0 1
0.93994 1 0 1
0.941942 1 0 1
0.943944 1 0 1
0.945946 1 0 1
0.947948 1 0 1
0.94995 1 0 1
0.951952 1 0 1
0.953954 1 0 1
0.955956 1 0 1
0.957958 1 0 1
0.95996 1 0 1
0.961962 1 0 1
0.963964 1 0 1
0.965966 1 0 1
0.967968 1 0 1
0.96997 1 0 1
0.971972 1 0 1
0.973974 1 0 1
0.975976 1 0 1
0.977978 1 0 1
0.97998 1 0 1
0.981982 1 0 1
0.983984 1 0 1
0.985986 1 0 1
0.987988 1 0 1
0.98999 1 0 1
0.991992 1 0 1
0.993994 1 0 1
0.995996 1 0 1
0.997998 1 0 1
1 1 0 1
